function C = sulfate_function_926(x,xdata)



G0 = x(1);  %[mM/1 porewater]  by fitting
k_su=x(2);
v=x(3);
Ks = x(4);
gra_su= x(5);

% G and concentration in surfate


t = [0;0.0221336730782496;0.0442673461564991;0.0664010192347487;0.0885346923129982;0.110668365391248;0.132802038469497;0.154935711547747;0.177069384625997;0.199203057704246;0.221336730782496;0.243470403860745;0.265604076938995;0.287737750017244;0.309871423095494;0.332005096173743;0.354138769251993;0.376272442330242;0.398406115408492;0.420539788486742;0.442673461564991;0.464807134643241;0.486940807721490;0.509074480799740;0.531208153877989;0.553341826956239;0.575475500034488;0.597609173112738;0.619742846190987;0.641876519269237;0.664010192347487;0.686143865425736;0.708277538503986;0.730411211582235;0.752544884660485;0.774678557738734;0.796812230816984;0.818945903895233;0.841079576973483;0.863213250051732;0.885346923129982;0.907480596208231;0.929614269286481;0.951747942364731;0.973881615442980;0.996015288521230;1.01814896159948;1.04028263467773;1.06241630775598;1.08454998083423;1.10668365391248;1.12881732699073;1.15095100006898;1.17308467314723;1.19521834622548;1.21735201930373;1.23948569238197;1.26161936546022;1.28375303853847;1.30588671161672;1.32802038469497;1.35015405777322;1.37228773085147;1.39442140392972;1.41655507700797;1.43868875008622;1.46082242316447;1.48295609624272;1.50508976932097;1.52722344239922;1.54935711547747;1.57149078855572;1.59362446163397;1.61575813471222;1.63789180779047;1.66002548086872;1.68215915394697;1.70429282702522;1.72642650010346;1.74856017318171;1.77069384625996;1.79282751933821;1.81496119241646;1.83709486549471;1.85922853857296;1.88136221165121;1.90349588472946;1.92562955780771;1.94776323088596;1.96989690396421;1.99203057704246;2.01416425012071;2.03629792319896;2.05843159627721;2.08056526935546;2.10269894243371;2.12483261551196;2.14696628859021;2.16909996166846;2.19123363474671;2.21336730782496;2.23550098090321;2.25763465398146;2.27976832705971;2.30190200013796;2.32403567321621;2.34616934629446;2.36830301937271;2.39043669245095;2.41257036552920;2.43470403860745;2.45683771168570;2.47897138476395;2.50110505784220;2.52323873092045;2.54537240399870;2.56750607707695;2.58963975015520;2.61177342323345;2.63390709631170;2.65604076938995;2.67817444246820;2.70030811554645;2.72244178862470;2.74457546170295;2.76670913478120;2.78884280785945;2.81097648093770;2.83311015401595;2.85524382709420;2.87737750017245;2.89951117325070;2.92164484632895;2.94377851940720;2.96591219248545;2.98804586556370;3.01017953864195;3.03231321172020;3.05444688479845;3.07658055787670;3.09871423095495;3.12084790403320;3.14298157711145;3.16511525018970;3.18724892326795;3.20938259634620;3.23151626942445;3.25364994250270;3.27578361558095;3.29791728865919;3.32005096173744;3.34218463481569;3.36431830789394;3.38645198097219;3.40858565405044;3.43071932712869;3.45285300020694;3.47498667328519;3.49712034636344;3.51925401944169;3.54138769251994;3.56352136559819;3.58565503867644;3.60778871175469;3.62992238483294;3.65205605791119;3.67418973098944;3.69632340406769;3.71845707714594;3.74059075022419;3.76272442330244;3.78485809638069;3.80699176945894;3.82912544253719;3.85125911561544;3.87339278869369;3.89552646177194;3.91766013485019;3.93979380792844;3.96192748100669;3.98406115408494;4.00619482716319;4.02832850024144;4.05046217331969;4.07259584639794;4.09472951947618;4.11686319255443;4.13899686563268;4.16113053871093;4.18326421178918;4.20539788486743;4.22753155794568;4.24966523102393;4.27179890410218;4.29393257718043;4.31606625025868;4.33819992333693;4.36033359641518;4.38246726949343;4.40460094257167;4.42673461564992;4.44886828872817;4.47100196180642;4.49313563488467;4.51526930796292;4.53740298104117;4.55953665411942;4.58167032719767;4.60380400027592;4.62593767335417;4.64807134643242;4.67020501951067;4.69233869258892;4.71447236566717;4.73660603874541;4.75873971182366;4.78087338490191;4.80300705798016;4.82514073105841;4.84727440413666;4.86940807721491;4.89154175029316;4.91367542337141;4.93580909644966;4.95794276952791;4.98007644260616;5.00221011568441;5.02434378876266;5.04647746184090;5.06861113491915;5.09074480799740;5.11287848107565;5.13501215415390;5.15714582723215;5.17927950031040;5.20141317338865;5.22354684646690;5.24568051954515;5.26781419262340;5.28994786570165;5.31208153877990;5.33421521185815;5.35634888493640;5.37848255801464;5.40061623109289;5.42274990417114;5.44488357724939;5.46701725032764;5.48915092340589;5.51128459648414;5.53341826956239;5.55555194264064;5.57768561571889;5.59981928879714;5.62195296187539;5.64408663495364;5.66622030803189;5.68835398111014;5.71048765418838;5.73262132726663;5.75475500034488;5.77688867342313;5.79902234650138;5.82115601957963;5.84328969265788;5.86542336573613;5.88755703881438;5.90969071189263;5.93182438497088;5.95395805804913;5.97609173112738;5.99822540420563;6.02035907728387;6.04249275036212;6.06462642344037;6.08676009651862;6.10889376959687;6.13102744267512;6.15316111575337;6.17529478883162;6.19742846190987;6.21956213498812;6.24169580806637;6.26382948114462;6.28596315422287;6.30809682730112;6.33023050037937;6.35236417345761;6.37449784653586;6.39663151961411;6.41876519269236;6.44089886577061;6.46303253884886;6.48516621192711;6.50729988500536;6.52943355808361;6.55156723116186;6.57370090424011;6.59583457731836;6.61796825039661;6.64010192347486;6.66223559655311;6.68436926963135;6.70650294270960;6.72863661578785;6.75077028886610;6.77290396194435;6.79503763502260;6.81717130810085;6.83930498117910;6.86143865425735;6.88357232733560;6.90570600041385;6.92783967349210;6.94997334657035;6.97210701964860;6.99424069272684;7.01637436580509;7.03850803888334;7.06064171196159;7.08277538503984;7.10490905811809;7.12704273119634;7.14917640427459;7.17131007735284;7.19344375043109;7.21557742350934;7.23771109658759;7.25984476966584;7.28197844274409;7.30411211582234;7.32624578890058;7.34837946197883;7.37051313505708;7.39264680813533;7.41478048121358;7.43691415429183;7.45904782737008;7.48118150044833;7.50331517352658;7.52544884660483;7.54758251968308;7.56971619276133;7.59184986583958;7.61398353891783;7.63611721199607;7.65825088507432;7.68038455815257;7.70251823123082;7.72465190430907;7.74678557738732;7.76891925046557;7.79105292354382;7.81318659662207;7.83532026970032;7.85745394277857;7.87958761585682;7.90172128893507;7.92385496201332;7.94598863509157;7.96812230816981;7.99025598124806;8.01238965432631;8.03452332740456;8.05665700048281;8.07879067356106;8.10092434663931;8.12305801971756;8.14519169279581;8.16732536587406;8.18945903895231;8.21159271203056;8.23372638510881;8.25586005818706;8.27799373126531;8.30012740434355;8.32226107742180;8.34439475050005;8.36652842357830;8.38866209665655;8.41079576973480;8.43292944281305;8.45506311589130;8.47719678896955;8.49933046204780;8.52146413512605;8.54359780820430;8.56573148128255;8.58786515436080;8.60999882743904;8.63213250051729;8.65426617359554;8.67639984667379;8.69853351975204;8.72066719283029;8.74280086590854;8.76493453898679;8.78706821206504;8.80920188514329;8.83133555822154;8.85346923129979;8.87560290437804;8.89773657745629;8.91987025053454;8.94200392361278;8.96413759669103;8.98627126976928;9.00840494284753;9.03053861592578;9.05267228900403;9.07480596208228;9.09693963516053;9.11907330823878;9.14120698131703;9.16334065439528;9.18547432747353;9.20760800055178;9.22974167363003;9.25187534670828;9.27400901978652;9.29614269286477;9.31827636594302;9.34041003902127;9.36254371209952;9.38467738517777;9.40681105825602;9.42894473133427;9.45107840441252;9.47321207749077;9.49534575056902;9.51747942364727;9.53961309672552;9.56174676980377;9.58388044288201;9.60601411596026;9.62814778903851;9.65028146211676;9.67241513519501;9.69454880827326;9.71668248135151;9.73881615442976;9.76094982750801;9.78308350058626;9.80521717366451;9.82735084674276;9.84948451982101;9.87161819289926;9.89375186597751;9.91588553905575;9.93801921213400;9.96015288521225;9.98228655829050;10.0044202313688;10.0265539044470;10.0486875775253;10.0708212506035;10.0929549236817;