% G and concentration in surfate
sulfate_925_main


G0 = x(1);  %[mM/1 porewater]  by fitting
k_su=x(2);
v=x(3);
Ks = x(4);
gra_su=x(5);


L = 0.5;

t = [0;0.0192210775717608;0.0384421551435215;0.0576632327152823;0.0768843102870431;0.0961053878588038;0.115326465430565;0.134547543002325;0.153768620574086;0.172989698145847;0.192210775717608;0.211431853289368;0.230652930861129;0.249874008432890;0.269095086004651;0.288316163576412;0.307537241148172;0.326758318719933;0.345979396291694;0.365200473863455;0.384421551435216;0.403642629006976;0.422863706578737;0.442084784150498;0.461305861722259;0.480526939294019;0.499748016865780;0.518969094437541;0.538190172009302;0.557411249581062;0.576632327152823;0.595853404724584;0.615074482296345;0.634295559868105;0.653516637439866;0.672737715011627;0.691958792583387;0.711179870155148;0.730400947726909;0.749622025298670;0.768843102870430;0.788064180442191;0.807285258013952;0.826506335585713;0.845727413157473;0.864948490729234;0.884169568300995;0.903390645872755;0.922611723444516;0.941832801016277;0.961053878588038;0.980274956159798;0.999496033731559;1.01871711130332;1.03793818887508;1.05715926644684;1.07638034401860;1.09560142159036;1.11482249916212;1.13404357673388;1.15326465430564;1.17248573187741;1.19170680944917;1.21092788702093;1.23014896459269;1.24937004216445;1.26859111973621;1.28781219730797;1.30703327487973;1.32625435245149;1.34547543002325;1.36469650759501;1.38391758516677;1.40313866273853;1.42235974031030;1.44158081788206;1.46080189545382;1.48002297302558;1.49924405059734;1.51846512816910;1.53768620574086;1.55690728331262;1.57612836088438;1.59534943845614;1.61457051602790;1.63379159359966;1.65301267117142;1.67223374874318;1.69145482631495;1.71067590388671;1.72989698145847;1.74911805903023;1.76833913660199;1.78756021417375;1.80678129174551;1.82600236931727;1.84522344688903;1.86444452446079;1.88366560203255;1.90288667960431;1.92210775717607;1.94132883474783;1.96054991231960;1.97977098989136;1.99899206746312;2.01821314503488;2.03743422260664;2.05665530017840;2.07587637775016;2.09509745532192;2.11431853289368;2.13353961046544;2.15276068803720;2.17198176560897;2.19120284318073;2.21042392075249;2.22964499832425;2.24886607589601;2.26808715346777;2.28730823103953;2.30652930861129;2.32575038618305;2.34497146375481;2.36419254132657;2.38341361889834;2.40263469647010;2.42185577404186;2.44107685161362;2.46029792918538;2.47951900675714;2.49874008432890;2.51796116190066;2.53718223947242;2.55640331704418;2.57562439461595;2.59484547218771;2.61406654975947;2.63328762733123;2.65250870490299;2.67172978247475;2.69095086004651;2.71017193761827;2.72939301519003;2.74861409276179;2.76783517033355;2.78705624790532;2.80627732547708;2.82549840304884;2.84471948062060;2.86394055819236;2.88316163576412;2.90238271333588;2.92160379090764;2.94082486847940;2.96004594605116;2.97926702362293;2.99848810119469;3.01770917876645;3.03693025633821;3.05615133390997;3.07537241148173;3.09459348905349;3.11381456662525;3.13303564419701;3.15225672176877;3.17147779934053;3.19069887691230;3.20991995448406;3.22914103205582;3.24836210962758;3.26758318719934;3.28680426477110;3.30602534234286;3.32524641991462;3.34446749748638;3.36368857505814;3.38290965262991;3.40213073020167;3.42135180777343;3.44057288534519;3.45979396291695;3.47901504048871;3.49823611806047;3.51745719563223;3.53667827320399;3.55589935077575;3.57512042834751;3.59434150591928;3.61356258349104;3.63278366106280;3.65200473863456;3.67122581620632;3.69044689377808;3.70966797134984;3.72888904892160;3.74811012649336;3.76733120406512;3.78655228163689;3.80577335920865;3.82499443678041;3.84421551435217;3.86343659192393;3.88265766949569;3.90187874706745;3.92109982463921;3.94032090221097;3.95954197978273;3.97876305735449;3.99798413492626;4.01720521249802;4.03642629006978;4.05564736764154;4.07486844521330;4.09408952278506;4.11331060035682;4.13253167792858;4.15175275550034;4.17097383307210;4.19019491064386;4.20941598821562;4.22863706578738;4.24785814335914;4.26707922093090;4.28630029850266;4.30552137607442;4.32474245364618;4.34396353121795;4.36318460878971;4.38240568636147;4.40162676393323;4.42084784150499;4.44006891907675;4.45928999664851;4.47851107422027;4.49773215179203;4.51695322936379;4.53617430693555;4.55539538450731;4.57461646207907;4.59383753965083;4.61305861722259;4.63227969479435;4.65150077236611;4.67072184993787;4.68994292750963;4.70916400508139;4.72838508265316;4.74760616022492;4.76682723779668;4.78604831536844;4.80526939294020;4.82449047051196;4.84371154808372;4.86293262565548;4.88215370322724;4.90137478079900;4.92059585837076;4.93981693594252;4.95903801351428;4.97825909108604;4.99748016865780;5.01670124622956;5.03592232380132;5.05514340137308;5.07436447894484;5.09358555651660;5.11280663408837;5.13202771166013;5.15124878923189;5.17046986680365;5.18969094437541;5.20891202194717;5.22813309951893;5.24735417709069;5.26657525466245;5.28579633223421;5.30501740980597;5.32423848737773;5.34345956494949;5.36268064252125;5.38190172009301;5.40112279766477;5.42034387523653;5.43956495280829;5.45878603038005;5.47800710795181;5.49722818552358;5.51644926309534;5.53567034066710;5.55489141823886;5.57411249581062;5.59333357338238;5.61255465095414;5.63177572852590;5.65099680609766;5.67021788366942;5.68943896124118;5.70866003881294;5.72788111638470;5.74710219395646;5.76632327152822;5.78554434909998;5.80476542667174;5.82398650424350;5.84320758181526;5.86242865938702;5.88164973695879;5.90087081453055;5.92009189210231;5.93931296967407;5.95853404724583;5.97775512481759;5.99697620238935;6.01619727996111;6.03541835753287;6.05463943510463;6.07386051267639;6.09308159024815;6.11230266781991;6.13152374539167;6.15074482296343;6.16996590053519;6.18918697810695;6.20840805567871;6.22762913325047;6.24685021082224;6.26607128839400;6.28529236596576;6.30451344353752;6.32373452110928;6.34295559868104;6.36217667625280;6.38139775382456;6.40061883139632;6.41983990896808;6.43906098653984;6.45828206411160;6.47750314168336;6.49672421925512;6.51594529682688;6.53516637439864;6.55438745197040;6.57360852954216;6.59282960711392;6.61205068468568;6.63127176225745;6.65049283982921;6.66971391740097;6.68893499497273;6.70815607254449;6.72737715011625;6.74659822768801;6.76581930525977;6.78504038283153;6.80426146040329;6.82348253797505;6.84270361554681;6.86192469311857;6.88114577069033;6.90036684826209;6.91958792583385;6.93880900340561;6.95803008097737;6.97725115854913;6.99647223612089;7.01569331369266;7.03491439126442;7.05413546883618;7.07335654640794;7.09257762397970;7.11179870155146;7.13101977912322;7.15024085669498;7.16946193426674;7.18868301183850;7.20790408941026;7.22712516698202;7.24634624455378;7.26556732212554;7.28478839969730;7.30400947726906;7.32323055484082;7.34245163241258;7.36167270998434;7.38089378755610;7.40011486512787;7.41933594269963;7.43855702027139;7.45777809784315;7.47699917541491;7.49622025298667;7.51544133055843;7.53466240813019;7.55388348570195;7.57310456327371;7.59232564084547;7.61154671841723;7.63076779598899;7.64998887356075;7.66920995113251;7.68843102870427;7.70765210627603;7.72687318384779;7.74609426141955;7.76531533899131;7.78453641656308;7.80375749413484;7.82297857170660;7.84219964927836;7.86142072685012;7.88064180442188;7.89986288199364;7.91908395956540;7.93830503713716;7.95752611470892;7.97674719228068;7.99596826985244;8.01518934742420;8.03441042499596;8.05363150256772;8.07285258013948;8.09207365771124;8.11129473528300;8.13051581285476;8.14973689042652;8.16895796799829;8.18817904557005;8.20740012314181;8.22662120071357;8.24584227828533;8.26506335585709;8.28428443342885;8.30350551100061;8.32272658857237;8.34194766614413;8.36116874371589;8.38038982128765;8.39961089885941;8.41883197643117;8.43805305400293;8.45727413157469;8.47649520914645;8.49571628671821;8.51493736428997;8.53415844186173;8.55337951943350;8.57260059700526;8.59182167457702;8.61104275214878;8.63026382972054;8.64948490729230;8.66870598486406;8.68792706243582;8.70714814000758;8.72636921757934;8.74559029515110;8.76481137272286;8.78403245029462;