% G and concentration in surfate
sulfate_928_main


G0 = x(1);  %[mM/1 porewater]  by fitting
k_su=x(2);
v=x(3);
Ks = x(4);
gra_su=x(5);


L = 0.5;

t = [0;0.0264618165568006;0.0529236331136012;0.0793854496704018;0.105847266227202;0.132309082784003;0.158770899340804;0.185232715897604;0.211694532454405;0.238156349011205;0.264618165568006;0.291079982124806;0.317541798681607;0.344003615238408;0.370465431795208;0.396927248352009;0.423389064908809;0.449850881465610;0.476312698022410;0.502774514579211;0.529236331136012;0.555698147692812;0.582159964249613;0.608621780806413;0.635083597363214;0.661545413920015;0.688007230476815;0.714469047033616;0.740930863590416;0.767392680147217;0.793854496704017;0.820316313260818;0.846778129817619;0.873239946374419;0.899701762931220;0.926163579488020;0.952625396044821;0.979087212601622;1.00554902915842;1.03201084571522;1.05847266227202;1.08493447882882;1.11139629538563;1.13785811194243;1.16431992849923;1.19078174505603;1.21724356161283;1.24370537816963;1.27016719472643;1.29662901128323;1.32309082784003;1.34955264439683;1.37601446095363;1.40247627751043;1.42893809406723;1.45539991062403;1.48186172718083;1.50832354373764;1.53478536029444;1.56124717685124;1.58770899340804;1.61417080996484;1.64063262652164;1.66709444307844;1.69355625963524;1.72001807619204;1.74647989274884;1.77294170930564;1.79940352586244;1.82586534241924;1.85232715897604;1.87878897553284;1.90525079208965;1.93171260864645;1.95817442520325;1.98463624176005;2.01109805831685;2.03755987487365;2.06402169143045;2.09048350798725;2.11694532454405;2.14340714110085;2.16986895765765;2.19633077421445;2.22279259077125;2.24925440732805;2.27571622388486;2.30217804044166;2.32863985699846;2.35510167355526;2.38156349011206;2.40802530666886;2.43448712322566;2.46094893978246;2.48741075633926;2.51387257289606;2.54033438945286;2.56679620600966;2.59325802256646;2.61971983912326;2.64618165568007;2.67264347223687;2.69910528879367;2.72556710535047;2.75202892190727;2.77849073846407;2.80495255502087;2.83141437157767;2.85787618813447;2.88433800469127;2.91079982124807;2.93726163780487;2.96372345436167;2.99018527091847;3.01664708747527;3.04310890403208;3.06957072058888;3.09603253714568;3.12249435370248;3.14895617025928;3.17541798681608;3.20187980337288;3.22834161992968;3.25480343648648;3.28126525304328;3.30772706960008;3.33418888615688;3.36065070271368;3.38711251927048;3.41357433582728;3.44003615238409;3.46649796894089;3.49295978549769;3.51942160205449;3.54588341861129;3.57234523516809;3.59880705172489;3.62526886828169;3.65173068483849;3.67819250139529;3.70465431795209;3.73111613450889;3.75757795106569;3.78403976762249;3.81050158417930;3.83696340073610;3.86342521729290;3.88988703384970;3.91634885040650;3.94281066696330;3.96927248352010;3.99573430007690;4.02219611663370;4.04865793319050;4.07511974974730;4.10158156630410;4.12804338286090;4.15450519941770;4.18096701597450;4.20742883253130;4.23389064908810;4.26035246564490;4.28681428220170;4.31327609875850;4.33973791531530;4.36619973187210;4.39266154842890;4.41912336498570;4.44558518154250;4.47204699809930;4.49850881465610;4.52497063121291;4.55143244776971;4.57789426432651;4.60435608088331;4.63081789744011;4.65727971399691;4.68374153055371;4.71020334711051;4.73666516366731;4.76312698022411;4.78958879678091;4.81605061333771;4.84251242989451;4.86897424645131;4.89543606300811;4.92189787956491;4.94835969612171;4.97482151267851;5.00128332923531;5.02774514579211;5.05420696234891;5.08066877890571;5.10713059546251;5.13359241201931;5.16005422857611;5.18651604513291;5.21297786168971;5.23943967824651;5.26590149480331;5.29236331136011;5.31882512791691;5.34528694447371;5.37174876103051;5.39821057758731;5.42467239414411;5.45113421070091;5.47759602725771;5.50405784381451;5.53051966037131;5.55698147692811;5.58344329348491;5.60990511004172;5.63636692659852;5.66282874315532;5.68929055971212;5.71575237626892;5.74221419282572;5.76867600938252;5.79513782593932;5.82159964249612;5.84806145905292;5.87452327560972;5.90098509216652;5.92744690872332;5.95390872528012;5.98037054183692;6.00683235839372;6.03329417495052;6.05975599150732;6.08621780806412;6.11267962462092;6.13914144117772;6.16560325773452;6.19206507429132;6.21852689084812;6.24498870740492;6.27145052396172;6.29791234051852;6.32437415707532;6.35083597363212;6.37729779018892;6.40375960674572;6.43022142330252;6.45668323985932;6.48314505641612;6.50960687297292;6.53606868952972;6.56253050608652;6.58899232264332;6.61545413920012;6.64191595575692;6.66837777231372;6.69483958887053;6.72130140542733;6.74776322198413;6.77422503854093;6.80068685509773;6.82714867165453;6.85361048821133;6.88007230476813;6.90653412132493;6.93299593788173;6.95945775443853;6.98591957099533;7.01238138755213;7.03884320410893;7.06530502066573;7.09176683722253;7.11822865377933;7.14469047033613;7.17115228689293;7.19761410344973;7.22407592000653;7.25053773656333;7.27699955312013;7.30346136967693;7.32992318623373;7.35638500279053;7.38284681934733;7.40930863590413;7.43577045246093;7.46223226901773;7.48869408557453;7.51515590213133;7.54161771868813;7.56807953524493;7.59454135180173;7.62100316835853;7.64746498491533;7.67392680147213;7.70038861802893;7.72685043458573;7.75331225114253;7.77977406769934;7.80623588425614;7.83269770081294;7.85915951736974;7.88562133392654;7.91208315048334;7.93854496704014;7.96500678359694;7.99146860015374;8.01793041671054;8.04439223326734;8.07085404982414;8.09731586638094;8.12377768293774;8.15023949949454;8.17670131605134;8.20316313260814;8.22962494916494;8.25608676572174;8.28254858227854;8.30901039883534;8.33547221539214;8.36193403194894;8.38839584850574;8.41485766506254;8.44131948161934;8.46778129817614;8.49424311473294;8.52070493128974;8.54716674784654;8.57362856440334;8.60009038096014;8.62655219751694;8.65301401407374;8.67947583063054;8.70593764718734;8.73239946374414;8.75886128030095;8.78532309685775;8.81178491341455;8.83824672997135;8.86470854652815;8.89117036308495;8.91763217964175;8.94409399619855;8.97055581275535;8.99701762931215;9.02347944586895;9.04994126242575;9.07640307898255;9.10286489553935;9.12932671209615;9.15578852865295;9.18225034520975;9.20871216176655;9.23517397832335;9.26163579488015;9.28809761143695;9.31455942799375;9.34102124455055;9.36748306110735;9.39394487766415;9.42040669422095;9.44686851077775;9.47333032733455;9.49979214389135;9.52625396044815;9.55271577700495;9.57917759356175;9.60563941011855;9.63210122667535;9.65856304323215;9.68502485978895;9.71148667634575;9.73794849290255;9.76441030945935;9.79087212601615;9.81733394257295;9.84379575912976;9.87025757568656;9.89671939224336;9.92318120880016;9.94964302535696;9.97610484191376;10.0025666584706;10.0290284750274;10.0554902915842;10.0819521081410;10.1084139246978;10.1348757412546;10.1613375578114;10.1877993743682;10.2142611909250;10.2407230074818;10.2671848240386;10.2936466405954;10.3201084571522;10.3465702737090;10.3730320902658;10.3994939068226;10.4259557233794;10.4524175399362;10.4788793564930;10.5053411730498;10.5318029896066;10.5582648061634;10.5847266227202;10.6111884392770;10.6376502558338;10.6641120723906;10.6905738889474;10.7170357055042;10.7434975220610;10.7699593386178;10.7964211551746;10.8228829717314;10.8493447882882;10.8758066048450;10.9022684214018;10.9287302379586;10.9551920545154;10.9816538710722;11.0081156876290;11.0345775041858;11.0610393207426;11.0875011372994;11.1139629538562;11.1404247704130;11.1668865869698;11.1933484035266;11.2198102200834;11.2462720366402;11.2727338531970;11.2991956697538;11.3256574863106;11.3521193028674;11.3785811194242;11.4050429359810;11.4315047525378;11.4579665690946;11.4844283856514;11.5108902022082;11.5373520187650;11.5638138353218;11.5902756518786;11.6167374684354;11.6431992849922;11.6696611015490;11.6961229181058;11.7225847346626;11.7490465512194;11.7755083677762;11.8019701843330;11.8284320008898;11.8548938174466;11.8813556340034;11.9078174505602;11.9342792671170;11.9607410836738;11.9872029002306;12.0136647167874;12.0401265333442;12.0665883499010;12.0930501664578;12.1195119830146;